9117533768
8104373868
9462567286
9137386094
8573943379
6203673548
6388327632
8372079041
9329625322
6367499626
9340858202
9044677838
9026480631
7308080808
6376208760
9910099100
7757000000
9528574347
7086900225
9340611564
7459801062
9262926898
9149372744
9702413409
7058421537
7857020890
9198282200
9801407609
8200017416
9640710704
9580288492
9341407885
7668297490
9382153800
7645066822
9241857221
8472019790
7749939417
8700388047
8348028339
9140987348
9065364600
9409318251
8281710133
7678556496
8837576731
9352194607
7030226447
9508926214
8249685972
8708740148
9990096281
9054617017
8210843262
8251084092
9355770893
9972102428
7088245377
8607688394
7742319904
8849090502
9112076063
6380259314
8780763782
8699694003
9855310563
9960994728
7076749716
9106332187
9336436756
9258961633
7080800203
7542874691
9548105207
8653206495
9415162944
9244866116
8799122424
8210672549
6291181709
9749732842
9116293235
9229174812
9263894418
8777787777
7983742073
9328697434
6295644545
9775017600
9163705027
7452999090
7836855048
6203498940
9876543210
8791135341
8080886208
9528128842
9875850031
9548106207
7304606412
9104067017
7534002080
9365683261
9617735673
9022953265
9106356695
9244342708
9214606194
8799052921
9536058326
7985733236
9313501042
8767382409
8959967986
9345742034
8810237843
8980244308
6351719496
9399938930
9510123260
6263257481
9313657331
8160011048
7307638419
7974744469
9026988772
9313666782
8320746950
9023917342
8081261198
7006907422
7862833057
7990980985
9979596932
6261037971
9664293396
8287548157
9579464210
9213517308
7863059795
8320932970
8849679637
9510742258
7620628743
8999144335
9313728215
9978639102
6352815937
8320581972
9081335145
9328157301
9310610546
9265639854
9023479945
9227032144
9753707289
7574085428
9082486163
7903766158
6207470785
9835913035
8144393284
7078554403
7275247814
8077121604
8518911093
9717482158
6306751398
9274443299
9297744195
9057551512
9241844478
9343191875
9082005057
8850975035
9861857712
6001654469
8962855891
9039323468
9285060087
9023936375
7738329854
6383801997
8918988339
9494640451
8799314548
7980877562
7858012771
8906701747
8799506548
7752938217
8577809696
6201483782
7488005346
8102736689
8887673887
6207229910
9883935375
9574092337
9334902337
9142051477
9214209674
9194119311
9372810991
7405481400
8016944462
9027299617
9852747455
7052046380
6201011379
9326294032
9140490197
8595713725
9120560251
8460545535
9140308257
7054472092
8560019055
7385033817
9108376627
9140035468
9170646039
6306167449
8847052638
8433432254
8178986502
9117556521
9773622482
7821984624
9693964849
9318363595
8637015792
9579745492
8210285225
7439817483
7990755699
6284363528
9672556602
8233177573
9754688263
9718955208
8116453095
7737352708
7273931727
9412838760
9635159880
9226428957
9647242972
6306753737
9511671566
7789952409
7908657045
8149391701
7760756672
9476548063
6294936225
7978948835
9770311173
7838166635
9608708461
9343487103
9835459464
9870968510
9334320238
8799580562
9234097775
9006809109
9693530040
7006009327
8102762133
7903851986
9074982092
8544396143
9805180762
9475812935
7775861101
9546820527
6003325510
7080727386
7000770007
8972882256
9766244054
6265830195
7478809511
7056314550
9514390602
9277454522
9726259525
9345150081
9025411336
8866571433
9038437154
6382740340
8668011744
9518433485
6382242634
7448338691
8525018661
7305418674
6374284233
8825859163
9345296995
7010279117
9035870387
8489424026
7418738146
8300593513
6383822237
6369578342
8072369216
7010698053
9783992024
7634078565
